1
3
3
3
3
3
3
3
3
3
3
3
3
3
3
3
3
3
3
1
1
8
7
7
7
7
7
7
7
7
7
7
7
7
7
7
7
7
7
2
1
7
6
6
6
6
6
6
6
6
6
6
6
6
6
6
7
5
5
2
1
7
6
6
7
6
6
6
6
6
6
6
6
6
6
7
5
4
6
2
1
7
6
6
6
7
6
6
6
6
6
6
6
6
7
5
4
4
6
2
1
7
6
6
6
6
7
7
7
7
7
7
7
7
5
4
4
4
6
2
1
7
6
6
6
6
6
6
6
6
6
6
6
5
4
4
4
4
6
2
1
7
6
6
6
6
6
4
4
4
4
4
4
4
4
4
4
4
6
2
1
7
6
6
6
6
6
4
4
4
4
4
4
4
4
4
4
4
6
2
1
7
6
6
6
6
6
4
4
4
4
4
4
4
4
4
4
4
6
2
1
7
6
6
6
6
6
4
4
4
4
4
4
4
4
4
4
4
6
2
1
7
6
6
6
6
6
4
4
4
4
4
4
4
4
4
4
4
6
2
1
7
6
6
6
6
6
4
4
4
4
4
4
4
4
4
4
4
6
2
1
7
6
6
6
6
5
4
4
4
4
4
4
4
4
4
4
4
6
2
1
7
6
6
6
5
4
4
4
4
4
4
4
4
4
4
4
4
6
2
1
7
6
6
5
4
4
4
4
4
4
4
4
4
4
4
4
4
6
2
1
7
6
5
4
4
4
4
4
4
4
4
4
4
4
4
4
4
6
2
1
7
4
4
4
4
4
4
4
4
4
4
4
4
4
4
4
4
6
2
1
7
4
4
4
4
4
4
4
4
4
4
4
4
4
4
4
4
6
2
3
3
3
3
3
3
3
3
3
3
3
3
3
3
3
3
3
3
3
3
