8
4
3
4
4
3
5
5
5
3
4
4
4
4
4
4
4
3
4
2
4
5
5
5
5
5
2
7
4
5
5
5
5
5
5
5
5
5
6
2
3
5
5
5
5
5
2
7
4
8
5
5
5
5
5
5
5
5
6
2
4
5
5
5
5
5
2
7
4
5
5
5
5
5
5
5
5
5
6
2
4
5
5
5
5
5
2
7
4
5
5
5
5
5
5
5
5
5
6
2
3
2
6
5
5
5
2
7
4
5
5
5
5
5
5
5
5
5
6
2
5
2
2
2
2
2
6
4
4
5
5
5
5
5
5
5
5
5
6
2
4
1
1
1
1
1
6
1
4
5
5
5
5
5
5
5
5
5
6
2
4
4
4
4
4
4
2
7
4
5
5
5
5
5
5
5
5
5
6
2
4
5
8
5
5
5
2
7
4
5
5
5
5
5
5
5
5
5
6
2
4
5
5
5
5
5
2
7
4
5
5
5
5
5
5
5
5
5
6
2
3
5
5
5
5
5
2
7
4
5
5
5
5
5
5
5
5
5
6
2
4
5
5
5
5
5
2
2
7
2
5
5
5
5
5
5
5
6
6
1
5
5
5
5
5
5
2
2
2
2
6
6
5
5
5
5
5
6
2
3
5
5
5
5
5
5
2
7
3
3
2
2
6
5
5
5
5
6
2
3
5
5
5
5
5
5
2
7
4
8
3
3
7
2
2
2
2
7
4
8
5
5
5
5
5
5
2
7
4
8
5
5
4
4
4
4
2
7
4
5
5
5
5
5
5
6
2
7
4
5
5
5
5
4
4
4
2
7
4
5
6
6
6
6
5
2
2
7
4
6
6
6
6
6
6
6
2
1
4
6
2
2
2
2
2
2
5
5
6
2
2
2
2
2
2
2
6
4
4
2
